{
 "cells": [
  {
   "cell_type": "code",
   "execution_count": 1,
   "id": "faa2aacf",
   "metadata": {},
   "outputs": [],
   "source": [
    "using JLD2\n",
    "using Images\n",
    "using DifferentialEquations, ForwardDiff, OrdinaryDiffEq, Sundials\n",
    "using Plots, LaTeXStrings\n",
    "using LsqFit\n",
    "#using CurveFit"
   ]
  },
  {
   "cell_type": "markdown",
   "id": "4893b925",
   "metadata": {},
   "source": [
    "# Input"
   ]
  },
  {
   "cell_type": "code",
   "execution_count": 2,
   "id": "e2bf0b2e",
   "metadata": {},
   "outputs": [],
   "source": [
    "F= jldopen(\"Results_out_V0.5Uin0.1.jld2\",\"r\");\n",
    "#F= jldopen(\"Results_out_V0.5Uin0.5.jld2\",\"r\");\n",
    "#F= jldopen(\"Results_out_V0.5Uin1.0.jld2\",\"r\");\n",
    "#F= jldopen(\"Results_out_V0.5Uin2.0.jld2\",\"r\");\n",
    "#F= jldopen(\"Results_out_V0.5Uin4.0.jld2\",\"r\");            \n",
    "\n",
    "\n",
    "#F= jldopen(\"Results_out_V1.0Uin0.1.jld2\",\"r\");\n",
    "#F= jldopen(\"Results_out_V1.0Uin0.5.jld2\",\"r\");\n",
    "#F= jldopen(\"Results_out_V1.0Uin1.0.jld2\",\"r\");\n",
    "#F= jldopen(\"Results_out_V1.0Uin2.0.jld2\",\"r\");\n",
    "#F= jldopen(\"Results_out_V1.0Uin4.0.jld2\",\"r\");\n",
    "\n",
    "#F= jldopen(\"Results_out_Ufi1.0Vfi0.5.jld2\",\"r\");\n",
    "#F= jldopen(\"Results_out_Ufi1.0Vfi1.0.jld2\",\"r\");\n",
    "#F= jldopen(\"Results_out_Ufi2.0Vfi0.5.jld2\",\"r\");\n",
    "#F= jldopen(\"Results_out_Ufi2.0Vfi1.0.jld2\",\"r\");  \n",
    "\n"
   ]
  },
  {
   "cell_type": "code",
   "execution_count": 3,
   "id": "722197fe",
   "metadata": {
    "scrolled": false
   },
   "outputs": [
    {
     "name": "stdout",
     "output_type": "stream",
     "text": [
      "1\t\t0.1\t0.5\t0.1\t0.5\n",
      "2\t\t0.1\t0.5\t0.2\t0.5\n",
      "3\t\t0.1\t0.5\t0.3\t0.5\n",
      "4\t\t0.1\t0.5\t0.4\t0.5\n",
      "5\t\t0.1\t0.5\t0.5\t0.5\n",
      "6\t\t0.1\t0.5\t0.6\t0.5\n",
      "7\t\t0.1\t0.5\t0.7\t0.5\n",
      "8\t\t0.1\t0.5\t0.8\t0.5\n",
      "9\t\t0.1\t0.5\t0.9\t0.5\n",
      "10\t\t0.1\t0.5\t1.0\t0.5\n",
      "11\t\t0.1\t0.5\t1.1\t0.5\n",
      "12\t\t0.1\t0.5\t1.2\t0.5\n",
      "13\t\t0.1\t0.5\t1.3\t0.5\n",
      "14\t\t0.1\t0.5\t1.41\t0.5\n",
      "15\t\t0.1\t0.5\t1.42\t0.5\n",
      "16\t\t0.1\t0.5\t1.43\t0.5\n",
      "17\t\t0.1\t0.5\t1.44\t0.5\n",
      "18\t\t0.1\t0.5\t1.45\t0.5\n",
      "19\t\t0.1\t0.5\t1.46\t0.5\n",
      "20\t\t0.1\t0.5\t1.47\t0.5\n",
      "21\t\t0.1\t0.5\t1.48\t0.5\n",
      "22\t\t0.1\t0.5\t1.49\t0.5\n",
      "23\t\t0.1\t0.5\t1.4\t0.5\n",
      "24\t\t0.1\t0.5\t1.51\t0.5\n",
      "25\t\t0.1\t0.5\t1.52\t0.5\n",
      "26\t\t0.1\t0.5\t1.53\t0.5\n",
      "27\t\t0.1\t0.5\t1.54\t0.5\n",
      "28\t\t0.1\t0.5\t1.55\t0.5\n",
      "29\t\t0.1\t0.5\t1.56\t0.5\n",
      "30\t\t0.1\t0.5\t1.57\t0.5\n",
      "31\t\t0.1\t0.5\t1.58\t0.5\n",
      "32\t\t0.1\t0.5\t1.59\t0.5\n",
      "33\t\t0.1\t0.5\t1.5\t0.5\n",
      "34\t\t0.1\t0.5\t1.61\t0.5\n",
      "35\t\t0.1\t0.5\t1.62\t0.5\n",
      "36\t\t0.1\t0.5\t1.63\t0.5\n",
      "37\t\t0.1\t0.5\t1.64\t0.5\n",
      "38\t\t0.1\t0.5\t1.65\t0.5\n",
      "39\t\t0.1\t0.5\t1.66\t0.5\n",
      "40\t\t0.1\t0.5\t1.67\t0.5\n",
      "41\t\t0.1\t0.5\t1.68\t0.5\n",
      "42\t\t0.1\t0.5\t1.69\t0.5\n",
      "43\t\t0.1\t0.5\t1.6\t0.5\n",
      "44\t\t0.1\t0.5\t1.71\t0.5\n",
      "45\t\t0.1\t0.5\t1.72\t0.5\n",
      "46\t\t0.1\t0.5\t1.73\t0.5\n",
      "47\t\t0.1\t0.5\t1.74\t0.5\n",
      "48\t\t0.1\t0.5\t1.75\t0.5\n",
      "49\t\t0.1\t0.5\t1.76\t0.5\n",
      "50\t\t0.1\t0.5\t1.77\t0.5\n",
      "51\t\t0.1\t0.5\t1.78\t0.5\n",
      "52\t\t0.1\t0.5\t1.79\t0.5\n",
      "53\t\t0.1\t0.5\t1.7\t0.5\n",
      "54\t\t0.1\t0.5\t1.8\t0.5\n",
      "55\t\t0.1\t0.5\t1.9\t0.5\n",
      "56\t\t0.1\t0.5\t2.0\t0.5\n",
      "57\t\t0.1\t0.5\t2.1\t0.5\n",
      "58\t\t0.1\t0.5\t2.2\t0.5\n",
      "59\t\t0.1\t0.5\t2.3\t0.5\n",
      "60\t\t0.1\t0.5\t2.4\t0.5\n",
      "61\t\t0.1\t0.5\t2.5\t0.5\n",
      "62\t\t0.1\t0.5\t2.6\t0.5\n",
      "63\t\t0.1\t0.5\t2.7\t0.5\n",
      "64\t\t0.1\t0.5\t2.8\t0.5\n",
      "65\t\t0.1\t0.5\t2.9\t0.5\n",
      "66\t\t0.1\t0.5\t3.0\t0.5\n",
      "67\t\t0.1\t0.5\t3.1\t0.5\n",
      "68\t\t0.1\t0.5\t3.2\t0.5\n",
      "69\t\t0.1\t0.5\t3.3\t0.5\n",
      "70\t\t0.1\t0.5\t3.4\t0.5\n",
      "71\t\t0.1\t0.5\t3.5\t0.5\n",
      "72\t\t0.1\t0.5\t3.6\t0.5\n",
      "73\t\t0.1\t0.5\t3.7\t0.5\n",
      "74\t\t0.1\t0.5\t3.8\t0.5\n",
      "75\t\t0.1\t0.5\t3.9\t0.5\n",
      "76\t\t0.1\t0.5\t4.0\t0.5\n",
      "77\t\t0.1\t0.5\t0.5\t0.5\n"
     ]
    }
   ],
   "source": [
    "for i in 1:length(F)\n",
    "    println(i,\"\\t\\t\",F[\"$i\"][\"Uin\"],\"\\t\",F[\"$i\"][\"Vin\"],\"\\t\",F[\"$i\"][\"UU\"],\"\\t\",F[\"$i\"][\"VV\"])\n",
    "end"
   ]
  },
  {
   "cell_type": "code",
   "execution_count": 4,
   "id": "4ce75b2f",
   "metadata": {},
   "outputs": [
    {
     "name": "stdout",
     "output_type": "stream",
     "text": [
      "1 0.1  ->  1 0.1\n",
      "2 0.2  ->  2 0.2\n",
      "3 0.3  ->  3 0.3\n",
      "4 0.4  ->  4 0.4\n",
      "5 0.5  ->  5 0.5\n",
      "6 0.6  ->  6 0.6\n",
      "7 0.7  ->  7 0.7\n",
      "8 0.8  ->  8 0.8\n",
      "9 0.9  ->  9 0.9\n",
      "10 1.0  ->  10 1.0\n",
      "11 1.1  ->  11 1.1\n",
      "12 1.2  ->  12 1.2\n",
      "13 1.3  ->  13 1.3\n",
      "15 1.41  ->  14 1.41\n",
      "16 1.42  ->  15 1.42\n",
      "17 1.43  ->  16 1.43\n",
      "18 1.44  ->  17 1.44\n",
      "19 1.45  ->  18 1.45\n",
      "20 1.46  ->  19 1.46\n",
      "21 1.47  ->  20 1.47\n",
      "22 1.48  ->  21 1.48\n",
      "23 1.49  ->  22 1.49\n",
      "14 1.4  ->  23 1.4\n",
      "25 1.51  ->  24 1.51\n",
      "26 1.52  ->  25 1.52\n",
      "27 1.53  ->  26 1.53\n",
      "28 1.54  ->  27 1.54\n",
      "29 1.55  ->  28 1.55\n",
      "30 1.56  ->  29 1.56\n",
      "31 1.57  ->  30 1.57\n",
      "32 1.58  ->  31 1.58\n",
      "33 1.59  ->  32 1.59\n",
      "24 1.5  ->  33 1.5\n",
      "35 1.61  ->  34 1.61\n",
      "36 1.62  ->  35 1.62\n",
      "37 1.63  ->  36 1.63\n",
      "38 1.64  ->  37 1.64\n",
      "39 1.65  ->  38 1.65\n",
      "40 1.66  ->  39 1.66\n",
      "41 1.67  ->  40 1.67\n",
      "42 1.68  ->  41 1.68\n",
      "43 1.69  ->  42 1.69\n",
      "34 1.6  ->  43 1.6\n",
      "45 1.71  ->  44 1.71\n",
      "46 1.72  ->  45 1.72\n",
      "47 1.73  ->  46 1.73\n",
      "48 1.74  ->  47 1.74\n",
      "49 1.75  ->  48 1.75\n",
      "50 1.76  ->  49 1.76\n",
      "51 1.77  ->  50 1.77\n",
      "52 1.78  ->  51 1.78\n",
      "53 1.79  ->  52 1.79\n",
      "44 1.7  ->  53 1.7\n",
      "54 1.8  ->  54 1.8\n",
      "55 1.9  ->  55 1.9\n",
      "56 2.0  ->  56 2.0\n",
      "57 2.1  ->  57 2.1\n",
      "58 2.2  ->  58 2.2\n",
      "59 2.3  ->  59 2.3\n",
      "60 2.4  ->  60 2.4\n",
      "61 2.5  ->  61 2.5\n",
      "62 2.6  ->  62 2.6\n",
      "63 2.7  ->  63 2.7\n",
      "64 2.8  ->  64 2.8\n",
      "65 2.9  ->  65 2.9\n",
      "66 3.0  ->  66 3.0\n",
      "67 3.1  ->  67 3.1\n",
      "68 3.2  ->  68 3.2\n",
      "69 3.3  ->  69 3.3\n",
      "70 3.4  ->  70 3.4\n",
      "71 3.5  ->  71 3.5\n",
      "72 3.6  ->  72 3.6\n",
      "73 3.7  ->  73 3.7\n",
      "74 3.8  ->  74 3.8\n",
      "75 3.9  ->  75 3.9\n",
      "76 4.0  ->  76 4.0\n"
     ]
    }
   ],
   "source": [
    "Lngth=length(F)-1\n",
    "\n",
    "Ufdisord = Array{Float64}(undef,Lngth);\n",
    "U = Array{Float64}(undef,Lngth);\n",
    "ordering = Array{Int}(undef,Lngth);\n",
    "\n",
    "for i in 1:Lngth\n",
    "    Ufdisord[i]=F[\"$i\"][\"UU\"]\n",
    "end\n",
    "\n",
    "U=sort(Ufdisord) \n",
    "\n",
    "for j in 1:Lngth\n",
    "    for i in 1:length(F)\n",
    "        if abs(U[i]-F[\"$j\"][\"UU\"])<1e-8\n",
    "            println(i,\" \",U[i],\"  ->  \",j,\" \",F[\"$j\"][\"UU\"])\n",
    "            ordering[i]=j\n",
    "            break\n",
    "        end\n",
    "    end\n",
    "end\n",
    " \n"
   ]
  },
  {
   "cell_type": "code",
   "execution_count": null,
   "id": "3e19bcff",
   "metadata": {},
   "outputs": [],
   "source": []
  },
  {
   "cell_type": "code",
   "execution_count": null,
   "id": "b6d9bb59",
   "metadata": {},
   "outputs": [],
   "source": []
  },
  {
   "cell_type": "code",
   "execution_count": null,
   "id": "b1a7149b",
   "metadata": {},
   "outputs": [],
   "source": []
  },
  {
   "cell_type": "code",
   "execution_count": 79,
   "id": "a54d12f1",
   "metadata": {},
   "outputs": [
    {
     "data": {
      "text/plain": [
       "2572"
      ]
     },
     "execution_count": 79,
     "metadata": {},
     "output_type": "execute_result"
    }
   ],
   "source": [
    "length(t)"
   ]
  },
  {
   "cell_type": "code",
   "execution_count": 98,
   "id": "092590f4",
   "metadata": {},
   "outputs": [
    {
     "name": "stdout",
     "output_type": "stream",
     "text": [
      "tt(83)=50    t(759)=300\n",
      "(0.5,0.1) -> (0.5,0.2)\n",
      "[0.0018227161556771281, 0.7070675010858596, 0.017446776680840048, -0.00036370874764732303, 0.0012241136985743691]\n",
      "[4.9733103843217693e-11 -3.0983011130982586e-13 1.412719827924664e-10 -2.2085911272153604e-12 9.051411591691518e-12; -3.0983011130982586e-13 4.889014626815462e-11 -3.672874894830404e-12 -1.3858552398563972e-10 3.4095625064889345e-13; 1.412719827924664e-10 -3.672874894830404e-12 4.776284854596643e-10 1.82991977079805e-12 2.5648289086389025e-11; -2.2085911272153604e-12 -1.3858552398563972e-10 1.82991977079805e-12 4.685111755494629e-10 -2.032878631853092e-12; 9.051411591691518e-12 3.4095625064889345e-13 2.5648289086389025e-11 -2.032878631853092e-12 3.9564292976450065e-11]\n",
      "1.1469929255792408e-9\n",
      "\n",
      "(0.5,0.1) -> (0.5,0.3)\n",
      "[0.0037381131018979987, 0.7096840543108275, 0.03199938518578289, -0.0032336333801733967, 0.007616051003562463]\n",
      "[2.507710401799213e-9 2.508355935984366e-11 1.173898283534588e-8 -1.3478431718424466e-9 2.7381055860638066e-9; 2.508355935984366e-11 2.7860734106536805e-9 -1.1839747486783195e-9 -1.3064567587497131e-8 8.893144801186368e-11; 1.173898283534588e-8 -1.1839747486783195e-9 6.924908741433403e-8 -2.852084996337308e-10 1.2652500006317283e-8; -1.3478431718424466e-9 -1.3064567587497131e-8 -2.852084996337308e-10 7.547116096324632e-8 -1.7657482215216297e-9; 2.7381055860638066e-9 8.893144801186368e-11 1.2652500006317283e-8 -1.7657482215216297e-9 9.814908649268301e-9]\n",
      "1.790214632511524e-7\n",
      "\n",
      "(0.5,0.1) -> (0.5,0.4)\n",
      "[0.007629396053702123, 0.7138976438327056, 0.04928670169000478, -0.01103639734085327, -0.0009266125907536201]\n",
      "[4.0130968282745383e-10 3.3653230875511913e-12 2.3166953205564977e-9 -5.43726321141589e-10 -6.35794131263843e-11; 3.3653230875511913e-12 3.9296072353131206e-10 -4.802186266763749e-10 -2.2582170318614474e-9 8.808670941433966e-12; 2.3166953205564977e-9 -4.802186266763749e-10 1.727253144818742e-8 -2.975947149506113e-10 -4.337065994407896e-10; -5.43726321141589e-10 -2.2582170318614474e-9 -2.975947149506113e-10 1.689451823760606e-8 1.5448314951163918e-11; -6.35794131263843e-11 8.808670941433966e-12 -4.337065994407896e-10 1.5448314951163918e-11 1.634499635664046e-9]\n",
      "3.313036957249519e-8\n",
      "\n",
      "(0.5,0.1) -> (0.5,0.5)\n",
      "[0.012175355075239348, 0.7196493576139196, 0.06113952986176044, -0.02169592447486675, 0.00046701707486718875]\n",
      "[3.560285358676954e-10 -4.789718515337095e-12 2.05636421684734e-9 -6.861967940663899e-10 2.3817135653784653e-11; -4.789718515337095e-12 3.622625906571186e-10 -7.825227202087947e-10 -2.0812793739144854e-9 2.7675864725270968e-11; 2.05636421684734e-9 -7.825227202087947e-10 1.6192306920795457e-8 4.316535305175805e-10 7.48013681285759e-11; -6.861967940663899e-10 -2.0812793739144854e-9 4.316535305175805e-10 1.6124118147885485e-8 -2.8231672170510377e-10; 2.3817135653784653e-11 2.7675864725270968e-11 7.48013681285759e-11 -2.8231672170510377e-10 1.373907452659891e-9]\n",
      "3.196303722279054e-8\n",
      "\n",
      "(0.5,0.1) -> (0.5,0.6)\n",
      "[0.0180054675524613, 0.7268909952000551, 0.07037322813341633, -0.03305823057439107, 0.00043072913479031983]\n",
      "[5.629044332706928e-10 -9.29077308420379e-12 3.017838176773783e-9 -1.334621584871163e-9 4.4569361088713253e-11; -9.29077308420379e-12 5.431225110901315e-10 -1.4014804102957524e-9 -2.8073618732860788e-9 -5.5652144120328206e-11; 3.017838176773783e-9 -1.4014804102957524e-9 2.2638846938436268e-8 -1.244421407605695e-10 4.875519102627034e-10; -1.334621584871163e-9 -2.8073618732860788e-9 -1.244421407605695e-10 2.0860485443763954e-8 2.6852752831970455e-10; 4.4569361088713253e-11 -5.5652144120328206e-11 4.875519102627034e-10 2.6852752831970455e-10 1.5233455897233572e-9]\n",
      "4.229998101633803e-8\n",
      "\n",
      "(0.5,0.1) -> (0.5,0.7)\n",
      "[0.02527447155453813, 0.7360059060043863, 0.07629631005914436, -0.04596002825212302, 0.0006815272148946454]\n",
      "[6.606051784671889e-10 2.157433495534018e-11 3.022057540396305e-9 -2.0048975754177225e-9 -5.2348272455389206e-11; 2.157433495534018e-11 6.487362999645556e-10 -1.691105215363169e-9 -3.111510518991561e-9 8.85398381255839e-12; 3.022057540396305e-9 -1.691105215363169e-9 2.083695904385492e-8 -8.080964083959319e-10 -3.982724812708676e-10; -2.0048975754177225e-9 -3.111510518991561e-9 -8.080964083959319e-10 2.2582881054347837e-8 1.7609442880332956e-10; -5.2348272455389206e-11 8.85398381255839e-12 -3.982724812708676e-10 1.7609442880332956e-10 1.0703223859595536e-9]\n",
      "3.612420359473983e-8\n",
      "\n",
      "(0.5,0.1) -> (0.5,0.8)\n",
      "[0.033650564447878686, 0.7471417396094983, 0.0765414720722686, -0.057123143266623405, 0.0008772246472074913]\n",
      "[1.034580899757403e-9 -3.916763975183058e-11 4.36883129572087e-9 -2.9407155482971776e-9 7.897784496711909e-11; -3.916763975183058e-11 1.086699161502986e-9 -3.55674296792578e-9 -4.328758224507313e-9 1.3191432959357788e-10; 4.36883129572087e-9 -3.55674296792578e-9 3.125470258580986e-8 1.5264383452542128e-9 -1.7431946263136694e-10; -2.9407155482971776e-9 -4.328758224507313e-9 1.5264383452542128e-9 2.8593419454987233e-8 -9.49190634295487e-10; 7.897784496711909e-11 1.3191432959357788e-10 -1.7431946263136694e-10 -9.49190634295487e-10 1.0983226191594287e-9]\n",
      "5.130225939747057e-8\n",
      "\n",
      "(0.5,0.1) -> (0.5,0.9)\n",
      "[0.0437467719826614, 0.7604795540315948, 0.07467086481501159, -0.06744512621398009, 0.0006224897127890678]\n",
      "[1.343893956912444e-9 7.752175813128615e-11 4.502551008005395e-9 -4.695460421464066e-9 2.1938261497465016e-10; 7.752175813128615e-11 1.3233099042493757e-9 -3.933196515379518e-9 -5.041848744452551e-9 7.938204733146738e-12; 4.502551008005395e-9 -3.933196515379518e-9 3.0070408488604777e-8 -5.736315417930325e-10 8.881101761160395e-10; -4.695460421464066e-9 -5.041848744452551e-9 -5.736315417930325e-10 3.5524671670987426e-8 -8.977775161570635e-10; 2.1938261497465016e-10 7.938204733146738e-12 8.881101761160395e-10 -8.977775161570635e-10 9.231182185424895e-10]\n",
      "5.029258028472508e-8\n",
      "\n",
      "(0.5,0.1) -> (0.5,1.0)\n",
      "[0.055292095002784925, 0.7767319841736589, 0.06769468463561902, -0.07653152909489627, 0.0005584059922433839]\n",
      "[1.3299287013031281e-9 -5.3623463185212176e-11 4.192472227843211e-9 -4.317713120775579e-9 1.2609596524618596e-10; -5.3623463185212176e-11 1.1793907759321451e-9 -4.0806876124709934e-9 -3.2271803996599507e-9 -1.4144459750524697e-10; 4.192472227843211e-9 -4.0806876124709934e-9 2.7305476727502075e-8 -2.3820264572635474e-9 1.0021802184181431e-9; -4.317713120775579e-9 -3.2271803996599507e-9 -2.3820264572635474e-9 2.4883867428757815e-8 -5.0273349441764455e-12; 1.2609596524618596e-10 -1.4144459750524697e-10 1.0021802184181431e-9 -5.0273349441764455e-12 5.684781508823204e-10]\n",
      "3.749323263578315e-8\n",
      "\n",
      "(0.5,0.1) -> (0.5,1.1)\n",
      "[0.06824936471166448, 0.7958752311810182, 0.05823007573280656, -0.08166112948413097, 0.0004683769119571971]\n",
      "[1.1132010789748839e-9 -8.552282078432964e-11 2.930053973860459e-9 -3.4070274430878724e-9 -5.057042017757587e-12; -8.552282078432964e-11 1.2305535895878212e-9 -4.3333038753078215e-9 -2.577942729008763e-9 -1.5094865610225367e-10; 2.930053973860459e-9 -4.3333038753078215e-9 2.2183764653125814e-8 5.694345889547432e-10 5.76262291705576e-10; -3.4070274430878724e-9 -2.577942729008763e-9 5.694345889547432e-10 1.7589673523610763e-8 4.3705633162946063e-10; -5.057042017757587e-12 -1.5094865610225367e-10 5.76262291705576e-10 4.3705633162946063e-10 3.398032410747893e-10]\n",
      "3.036300532605695e-8\n",
      "\n",
      "(0.5,0.1) -> (0.5,1.2)\n",
      "[0.08176662498316338, 0.8182813342601009, 0.04683829838826294, -0.07995668358351013, 7.247779751385982e-5]\n",
      "[6.218784671019162e-10 1.3364202086220829e-11 1.0346536532675684e-9 -1.873053622224841e-9 -5.2509342499492324e-11; 1.3364202086220829e-11 7.593641446391395e-10 -2.305681020508387e-9 -1.4045847953666713e-9 -5.997104486628777e-11; 1.0346536532675684e-9 -2.305681020508387e-9 9.090990364769645e-9 1.0871984123557292e-9 1.1024328462084036e-10; -1.873053622224841e-9 -1.4045847953666713e-9 1.0871984123557292e-9 8.302440171115153e-9 3.0426883691596377e-10; -5.2509342499492324e-11 -5.997104486628777e-11 1.1024328462084036e-10 3.0426883691596377e-10 1.2203254780147757e-10]\n",
      "1.2604562822988617e-8\n",
      "\n",
      "(0.5,0.1) -> (0.5,1.3)\n",
      "[0.09556625469085435, 0.8443253554516255, 0.03703103106664267, -0.07339805845554101, -0.0008779505785864081]\n",
      "[1.939044130783787e-9 2.0329037466338205e-10 1.916603410265147e-9 -5.3272236939572e-9 -2.5042967443292533e-10; 2.0329037466338205e-10 2.1624646995680006e-9 -5.409918601849638e-9 -3.4712152705584252e-9 -9.414400408839232e-11; 1.916603410265147e-9 -5.409918601849638e-9 1.6962896564164443e-8 2.4091242712581875e-9 -6.313533906979395e-11; -5.3272236939572e-9 -3.4712152705584252e-9 2.4091242712581875e-9 1.897843249293288e-8 8.643362110041853e-10; -2.5042967443292533e-10 -9.414400408839232e-11 -6.313533906979395e-11 8.643362110041853e-10 2.2799828135262818e-10]\n",
      "2.182541153527079e-8\n",
      "\n",
      "(0.5,0.1) -> (0.5,1.4)\n",
      "[0.10908563939623135, 0.874181240944602, 0.0305626799531656, -0.06485004160061511, -0.0036211897696817436]\n",
      "[1.6017695404834878e-8 1.9256074638005535e-9 1.1638088509801511e-8 -3.737827157695239e-8 -3.3166568666636327e-9; 1.9256074638005535e-9 1.5162051853310398e-8 -3.097792914962896e-8 -2.034920923926811e-8 -4.451220503418397e-10; 1.1638088509801511e-8 -3.097792914962896e-8 8.015755367869653e-8 7.382830186503903e-9 -2.3738632231299735e-9; -3.737827157695239e-8 -2.034920923926811e-8 7.382830186503903e-9 1.0581344091249154e-7 8.186836065007628e-9; -3.3166568666636327e-9 -4.451220503418397e-10 -2.3738632231299735e-9 8.186836065007628e-9 1.5348094801545107e-9]\n",
      "8.727017156774523e-8\n",
      "\n",
      "(0.5,0.1) -> (0.5,1.41)\n"
     ]
    },
    {
     "name": "stdout",
     "output_type": "stream",
     "text": [
      "[0.11042154995387203, 0.8773933357164432, 0.030071923242913613, -0.0640693942057771, -0.004096833222953111]\n",
      "[1.9501392214290127e-8 2.3144137452991103e-9 1.3935138682626974e-8 -4.472967433945744e-8 -4.307371398221962e-9; 2.3144137452991103e-9 1.812481696214025e-8 -3.6352467623472266e-8 -2.3848968053005082e-8 -5.310535980819998e-10; 1.3935138682626974e-8 -3.6352467623472266e-8 9.257792170547744e-8 7.68912426904895e-9 -3.1193956291440893e-9; -4.472967433945744e-8 -2.3848968053005082e-8 7.68912426904895e-9 1.238644387630369e-7 1.035782318427302e-8; -4.307371398221962e-9 -5.310535980819998e-10 -3.1193956291440893e-9 1.035782318427302e-8 1.9222273919935996e-9]\n",
      "9.880593551666876e-8\n",
      "\n",
      "(0.5,0.1) -> (0.5,1.42)\n",
      "[0.1117607118883188, 0.8806495898182647, 0.029604470078847783, -0.06333055508422765, -0.004627010244214757]\n",
      "[2.3622198719514762e-8 2.754726885707397e-9 1.6639385545472553e-8 -5.327137373885592e-8 -5.5839229169964465e-9; 2.754726885707397e-9 2.15495655724997e-8 -4.2464134958175825e-8 -2.7788361203437008e-8 -6.350365594014542e-10; 1.6639385545472553e-8 -4.2464134958175825e-8 1.0652914914012015e-7 7.801824897531537e-9 -4.073336619152151e-9; -5.327137373885592e-8 -2.7788361203437008e-8 7.801824897531537e-9 1.4436597487168023e-7 1.3099768411377177e-8; -5.5839229169964465e-9 -6.350365594014542e-10 -4.073336619152151e-9 1.3099768411377177e-8 2.4268838593557413e-9]\n",
      "1.1145285165131029e-7\n",
      "\n",
      "(0.5,0.1) -> (0.5,1.43)\n",
      "[0.11310631895481112, 0.8839506257105281, 0.029160336829607326, -0.0626422302967268, -0.005218070240478163]\n",
      "[2.8449894349271395e-8 3.2437001025371246e-9 1.98005886246212e-8 -6.310965559032276e-8 -7.220286859895082e-9; 3.2437001025371246e-9 2.5466752741665463e-8 -4.9353471821608135e-8 -3.2168746999477914e-8 -7.599268590751882e-10; 1.98005886246212e-8 -4.9353471821608135e-8 1.2208980008293156e-7 7.646783018040817e-9 -5.287915820227171e-9; -6.310965559032276e-8 -3.2168746999477914e-8 7.646783018040817e-9 1.6746610337669234e-7 1.654995229811003e-8; -7.220286859895082e-9 -7.599268590751882e-10 -5.287915820227171e-9 1.654995229811003e-8 3.0889264015929477e-9]\n",
      "1.2524351713755955e-7\n",
      "\n",
      "(0.5,0.1) -> (0.5,1.44)\n",
      "[0.11446216388715619, 0.8872967842252383, 0.02874053498467158, -0.0620134469235467, -0.005877222320357384]\n",
      "[3.40415676724153e-8 3.773751012897255e-9 2.346513464543255e-8 -7.432495079354196e-8 -9.304021534811008e-9; 3.773751012897255e-9 2.989229210670473e-8 -5.7040923094877265e-8 -3.697008883766803e-8 -9.081334903525208e-10; 2.346513464543255e-8 -5.7040923094877265e-8 1.3930440227477552e-7 7.1375981102494395e-9 -6.825662570714434e-9; -7.432495079354196e-8 -3.697008883766803e-8 7.1375981102494395e-9 1.9325307959932148e-7 2.0869382958296974e-8; -9.304021534811008e-9 -9.081334903525208e-10 -6.825662570714434e-9 2.0869382958296974e-8 3.962126294257584e-9]\n",
      "1.4019764075729662e-7\n",
      "\n",
      "(0.5,0.1) -> (0.5,1.45)\n",
      "[0.11583261268143033, 0.890687999759411, 0.028347272186970283, -0.06145341271719368, -0.006612696037645656]\n",
      "[4.0430190298874927e-8 4.330882248892487e-9 2.7671312270181044e-8 -8.695261997036137e-8 -1.1935323551559767e-8; 4.330882248892487e-9 3.4819799648969316e-8 -6.551647211617516e-8 -4.2143440557482196e-8 -1.0808588546007934e-9; 2.7671312270181044e-8 -6.551647211617516e-8 1.5816556553388547e-7 6.176492797670779e-9 -8.759986513604507e-9; -8.695261997036137e-8 -4.2143440557482196e-8 6.176492797670779e-9 2.2172099259327768e-7 2.6241015205519086e-8; -1.1935323551559767e-8 -1.0808588546007934e-9 -8.759986513604507e-9 2.6241015205519086e-8 5.117532971822815e-9]\n",
      "1.5631608296378944e-7\n",
      "\n",
      "(0.5,0.1) -> (0.5,1.46)\n",
      "[0.11722252771696906, 0.8941236728622973, 0.027984110087940304, -0.06097131096226584, -0.007433914234349579]\n",
      "[4.7609003888059085e-8 4.89295426763906e-9 3.244236936127749e-8 -1.0095667244437139e-7 -1.522339159590379e-8; 4.89295426763906e-9 4.021103981070068e-8 -7.472633232933089e-8 -4.760268638851743e-8 -1.2769823940456839e-9; 3.244236936127749e-8 -7.472633232933089e-8 1.7858986506712302e-7 4.657708688673e-9 -1.1174675250977023e-8; -1.0095667244437139e-7 -4.760268638851743e-8 4.657708688673e-9 2.5272301981696237e-7 3.2863318881751845e-8; -1.522339159590379e-8 -1.2769823940456839e-9 -1.1174675250977023e-8 3.2863318881751845e-8 6.647226765577125e-9]\n",
      "1.7357137694081265e-7\n",
      "\n",
      "(0.5,0.1) -> (0.5,1.47)\n",
      "[0.11863714526781434, 0.8976026406697678, 0.0276558723290775, -0.06057617134087421, -0.008351705559623604]\n",
      "[5.5512384047900604e-8 5.427695778420899e-9 3.7778316234034724e-8 -1.1619713328267378e-7 -1.927879375431789e-8; 5.427695778420899e-9 4.598436548927708e-8 -8.455595391558803e-8 -5.321414677145387e-8 -1.4911452981647086e-9; 3.7778316234034724e-8 -8.455595391558803e-8 2.0038587342241747e-7 2.46971695201353e-9 -1.4162382959014868e-8; -1.1619713328267378e-7 -5.321414677145387e-8 2.46971695201353e-9 2.859110918588848e-7 4.093661712091425e-8; -1.927879375431789e-8 -1.4911452981647086e-9 -1.4162382959014868e-8 4.093661712091425e-8 8.667422027417055e-9]\n",
      "1.9188671705423751e-7\n",
      "\n",
      "(0.5,0.1) -> (0.5,1.48)\n",
      "[0.12008174529872098, 0.9011228498066913, 0.027369065223361088, -0.060276059923236, -0.009378424758387627]\n",
      "[6.399041661056362e-8 5.891919420161678e-9 4.3642134529991894e-8 -1.3238476834430927e-7 -2.4198718607775733e-8; 5.891919420161678e-9 5.200295766608638e-8 -9.481085033354511e-8 -5.878972910988258e-8 -1.7119393480819993e-9; 4.3642134529991894e-8 -9.481085033354511e-8 2.2321327656567827e-7 -4.895278783611421e-10 -1.781828750550603e-8; -1.3238476834430927e-7 -5.878972910988258e-8 -4.895278783611421e-10 3.206517977222542e-7 5.0636681425588415e-8; -2.4198718607775733e-8 -1.7119393480819993e-9 -1.781828750550603e-8 5.0636681425588415e-8 1.1318858835176e-8]\n",
      "2.1111113589631873e-7\n",
      "\n",
      "(0.5,0.1) -> (0.5,1.49)\n",
      "[0.12156123884892978, 0.9046813022535888, 0.0271316545821862, -0.06007746885501388, -0.010528067743681917]\n",
      "[7.278217108747614e-8 6.231409736954802e-9 4.994394058437362e-8 -1.490313087960155e-7 -3.004350533136744e-8; 6.231409736954802e-9 5.8062248389533254e-8 -1.0519327711964111e-7 -6.407889164114005e-8 -1.9191702017982495e-9; 4.994394058437362e-8 -1.0519327711964111e-7 2.465289262543751e-7 -4.298253184235847e-9 -2.2229920870172414e-8; -1.490313087960155e-7 -6.407889164114005e-8 -4.298253184235847e-9 3.5592630388161415e-7 6.207137786882902e-8; -3.004350533136744e-8 -1.9191702017982495e-9 -2.2229920870172414e-8 6.207137786882902e-8 1.4761826977599068e-8]\n",
      "2.3096627868217133e-7\n",
      "\n",
      "(0.5,0.1) -> (0.5,1.5)\n",
      "[0.12307942360435177, 0.9082737450855496, 0.02695318524285065, -0.05998381406335046, -0.011816156558891587]\n",
      "[8.148736457711725e-8 6.384072200054757e-9 5.6517493014086427e-8 -1.653921762683034e-7 -3.680043176107748e-8; 6.384072200054757e-9 6.388029812349987e-8 -1.1527821438932818e-7 -6.876856987009262e-8 -2.082072634762131e-9; 5.6517493014086427e-8 -1.1527821438932818e-7 2.695193253107343e-7 -8.977881528534224e-9 -2.745643315752706e-8; -1.653921762683034e-7 -6.876856987009262e-8 -8.977881528534224e-9 3.902089936637797e-7 7.52121694195213e-8; -3.680043176107748e-8 -2.082072634762131e-9 -2.745643315752706e-8 7.52121694195213e-8 1.916027791009729e-8]\n",
      "2.5097216963330315e-7\n",
      "\n",
      "(0.5,0.1) -> (0.5,1.51)\n",
      "[0.12463800523819281, 0.9118945332794518, 0.026844394541379216, -0.05999366174475955, -0.013259362050909254]\n",
      "[8.954571125615838e-8 6.286582643695175e-9 6.309242124436961e-8 -1.8041754096667073e-7 -4.4333963926038665e-8; 6.286582643695175e-9 6.90928439920089e-8 -1.2449062537215133e-7 -7.248961487301687e-8 -2.1586801790171368e-9; 6.309242124436961e-8 -1.2449062537215133e-7 2.910217232128549e-7 -1.4450947682308193e-8 -3.349524588552594e-8; -1.8041754096667073e-7 -7.248961487301687e-8 -1.4450947682308193e-8 4.213479214801532e-7 8.979639290667137e-8; -4.4333963926038665e-8 -2.1586801790171368e-9 -3.349524588552594e-8 8.979639290667137e-8 2.46480263050219e-8]\n",
      "2.7033378206621184e-7\n",
      "\n",
      "(0.5,0.1) -> (0.5,1.52)\n",
      "[0.1262355229726915, 0.9155368733497263, 0.02681600409161168, -0.0600990752041254, -0.014874801687200359]\n",
      "[9.623534326009188e-8 5.88303801651583e-9 6.926905276970254e-8 -1.9273196157680826e-7 -5.2325222882506864e-8; 5.88303801651583e-9 7.325524171544583e-8 -1.3208982398339316e-7 -7.482575545411698e-8 -2.0962838992673307e-9; 6.926905276970254e-8 -1.3208982398339316e-7 3.0944754871150467e-7 -2.05035022820843e-8 -4.023523743706106e-8; -1.9273196157680826e-7 -7.482575545411698e-8 -2.05035022820843e-8 4.4647981694880955e-7 1.0520216718161846e-7; -5.2325222882506864e-8 -2.0962838992673307e-9 -4.023523743706106e-8 1.0520216718161846e-7 3.1268793532151556e-8]\n",
      "2.8777968507320124e-7\n",
      "\n",
      "(0.5,0.1) -> (0.5,1.53)\n",
      "[0.1278656172996314, 0.919192538316984, 0.026878087837700165, -0.060281962328324654, -0.01667840109667924]\n",
      "[1.006992792569182e-7 5.142654003475069e-9 7.44881754927697e-8 -2.0066417824551815e-7 -6.020696962482155e-8; 5.142654003475069e-9 7.586312536726536e-8 -1.37177003247233e-7 -7.535318462854714e-8 -1.8402940410427942e-9; 7.44881754927697e-8 -1.37177003247233e-7 3.227299360718671e-7 -2.6713038621553764e-8 -4.738339322480424e-8; -2.0066417824551815e-7 -7.535318462854714e-8 -2.6713038621553764e-8 4.6204432902939385e-7 1.203083432881317e-7; -6.020696962482155e-8 -1.8402940410427942e-9 -4.738339322480424e-8 1.203083432881317e-7 3.8881127212501144e-8]\n",
      "3.014200192396573e-7\n",
      "\n",
      "(0.5,0.1) -> (0.5,1.54)\n"
     ]
    },
    {
     "name": "stdout",
     "output_type": "stream",
     "text": [
      "[0.12951543066190346, 0.9228522813212302, 0.02703794827979275, -0.060511165364501074, -0.018682525776729044]\n",
      "[1.0202555443298904e-7 4.0774101934217245e-9 7.802806496718281e-8 -2.0238569130060348e-7 -6.712061821485541e-8; 4.0774101934217245e-9 7.639167599442958e-8 -1.387403967140698e-7 -7.368817820616536e-8 -1.3482263568075576e-9; 7.802806496718281e-8 -1.387403967140698e-7 3.2835664641604344e-7 -3.2414691349813636e-8 -5.4384369775052e-8; -2.0238569130060348e-7 -7.368817820616536e-8 -3.2414691349813636e-8 4.640192616980582e-7 1.33391156284975e-7; -6.712061821485541e-8 -1.3482263568075576e-9 -5.4384369775052e-8 1.33391156284975e-7 4.7033450457087426e-8]\n",
      "3.0865550805503223e-7\n",
      "\n",
      "(0.5,0.1) -> (0.5,1.55)\n",
      "[0.1311637055088408, 0.9265060065911741, 0.027297972837646588, -0.0607384714577085, -0.020892246816486732]\n",
      "[9.939233521169853e-8 2.7638626647329776e-9 7.903805443321918e-8 -1.9620062360862685e-7 -7.193354632351001e-8; 2.7638626647329776e-9 7.43678492175535e-8 -1.357683587775182e-7 -6.957295049368785e-8 -6.165349154459118e-10; 7.903805443321918e-8 -1.357683587775182e-7 3.2356993370020476e-7 -3.669182335061366e-8 -6.034481522367134e-8; -1.9620062360862685e-7 -6.957295049368785e-8 -3.669182335061366e-8 4.485250940775931e-7 1.421479380459642e-7; -7.193354632351001e-8 -6.165349154459118e-10 -6.034481522367134e-8 1.421479380459642e-7 5.483657757040376e-8]\n",
      "3.0633419467913867e-7\n",
      "\n",
      "(0.5,0.1) -> (0.5,1.56)\n",
      "[0.13277989912755692, 0.9301439853588429, 0.02765168403471063, -0.060897628139966735, -0.023301045177523537]\n",
      "[9.228252350655466e-8 1.346467539889081e-9 7.667065714813014e-8 -1.8101092487014109e-7 -7.337459707013016e-8; 1.346467539889081e-9 6.946710614947913e-8 -1.2744760049197116e-7 -6.29487801894491e-8 2.957359168361285e-10; 7.667065714813014e-8 -1.2744760049197116e-7 3.058543606633432e-7 -3.852580754406583e-8 -6.404406998996438e-8; -1.8101092487014109e-7 -6.29487801894491e-8 -3.852580754406583e-8 4.1287311438266385e-7 1.439807616327027e-7; -7.337459707013016e-8 2.957359168361285e-10 -6.404406998996438e-8 1.439807616327027e-7 6.090999634554277e-8]\n",
      "2.9127078521125624e-7\n",
      "\n",
      "(0.5,0.1) -> (0.5,1.57)\n",
      "[0.1343237083719116, 0.9337576054292164, 0.02808056048639354, -0.060904124752007384, -0.025885593064782116]\n",
      "[8.073848189287526e-8 2.881891178742539e-11 7.03138999392643e-8 -1.569094655409414e-7 -7.03348978794507e-8; 2.881891178742539e-11 6.164588262637388e-8 -1.1346529077018011e-7 -5.4057415317233726e-8 1.245223466611017e-9; 7.03138999392643e-8 -1.1346529077018011e-7 2.7378652910868934e-7 -3.7063659488753946e-8 -6.40985917664386e-8; -1.569094655409414e-7 -5.4057415317233726e-8 -3.7063659488753946e-8 3.570294052572776e-7 1.3666650029711568e-7; -7.03348978794507e-8 1.245223466611017e-9 -6.40985917664386e-8 1.3666650029711568e-7 6.352492381697923e-8]\n",
      "2.6137546640575514e-7\n",
      "\n",
      "(0.5,0.1) -> (0.5,1.58)\n",
      "[0.13574651659778642, 0.9373408290385145, 0.028550699051039477, -0.0606606009774115, -0.028601604578026834]\n",
      "[6.5590231565261e-8 -9.716389880676503e-10 5.994481135420947e-8 -1.2572390860676036e-7 -6.233358469474292e-8; -9.716389880676503e-10 5.1280759696389395e-8 -9.437296545769124e-8 -4.3498882124981644e-8 2.0192367928661574e-9; 5.994481135420947e-8 -9.437296545769124e-8 2.281987970439173e-7 -3.206509820858398e-8 -5.939881420146225e-8; -1.2572390860676036e-7 -4.3498882124981644e-8 -3.206509820858398e-8 2.850365770896335e-7 1.1939854771591563e-7; -6.233358469474292e-8 2.0192367928661574e-9 -5.939881420146225e-8 1.1939854771591563e-7 6.108106408414216e-8]\n",
      "2.171828366407458e-7\n",
      "\n",
      "(0.5,0.1) -> (0.5,1.59)\n",
      "[0.13699456494729417, 0.9408914516095892, 0.02901170948777671, -0.060067213137397164, -0.03138207788765308]\n",
      "[4.8553570108846197e-8 -1.4957515340581188e-9 4.6500223671946077e-8 -9.121552694231264e-8 -5.0037515605737363e-8; -1.4957515340581188e-9 3.929087252861189e-8 -7.191619264404312e-8 -3.2249510231009685e-8 2.4019792018434268e-9; 4.6500223671946077e-8 -7.191619264404312e-8 1.7331228963259017e-7 -2.431532008616175e-8 -4.9803529717936754e-8; -9.121552694231264e-8 -3.2249510231009685e-8 -2.431532008616175e-8 2.0560654629254556e-7 9.389323031258492e-8; -5.0037515605737363e-8 2.4019792018434268e-9 -4.9803529717936754e-8 9.389323031258492e-8 5.2943512369401415e-8]\n",
      "1.6323096378222522e-7\n",
      "\n",
      "(0.5,0.1) -> (0.5,1.6)\n",
      "[0.13801390579944992, 0.9444120094465281, 0.02939926016404257, -0.0590368779115727, -0.03413988775676979]\n",
      "[3.2096214736159266e-8 -1.5236997093307372e-9 3.207317581061301e-8 -5.8625992816342114e-8 -3.559709054445604e-8; -1.5236997093307372e-9 2.7200547681758414e-8 -4.916233224986087e-8 -2.1624686193913396e-8 2.2924289739353683e-9; 3.207317581061301e-8 -4.916233224986087e-8 1.1716819860951461e-7 -1.568090692109085e-8 -3.686378162307269e-8; -5.8625992816342114e-8 -2.1624686193913396e-8 -1.568090692109085e-8 1.3099774323030975e-7 6.491488195774338e-8; -3.559709054445604e-8 2.2924289739353683e-9 -3.686378162307269e-8 6.491488195774338e-8 4.0399466173384706e-8]\n",
      "1.0826616379957689e-7\n",
      "\n",
      "(0.5,0.1) -> (0.5,1.61)\n",
      "[0.13875650238387183, 0.9479100219821571, 0.029642272989086442, -0.0575125456797377, -0.03677581654392437]\n",
      "[1.9030355139683627e-8 -1.2301443714688365e-9 1.9702293529768502e-8 -3.347922481467863e-8 -2.2510630519572442e-8; -1.2301443714688365e-9 1.7100842346091255e-8 -3.024968393093258e-8 -1.318687763031108e-8 1.8327738988776543e-9; 1.9702293529768502e-8 -3.024968393093258e-8 7.059653536769695e-8 -8.510578985983293e-9 -2.4094017021451304e-8; -3.347922481467863e-8 -1.318687763031108e-8 -8.510578985983293e-9 7.391275425029236e-8 3.951992623565113e-8; -2.2510630519572442e-8 1.8327738988776543e-9 -2.4094017021451304e-8 3.951992623565113e-8 2.7178120927262504e-8]\n",
      "6.340628081082495e-8\n",
      "\n",
      "(0.5,0.1) -> (0.5,1.62)\n",
      "[0.13918631026779682, 0.9513973940028827, 0.029674104064887324, -0.05548159027172429, -0.039191295539454524]\n",
      "[1.1904672790776881e-8 -9.778989699712928e-10 1.2649756941432336e-8 -1.9963190323924056e-8 -1.4869965833242972e-8; -9.778989699712928e-10 1.1488310533022972e-8 -1.9686412821133883e-8 -8.603544377179946e-9 1.4706485311217648e-9; 1.2649756941432336e-8 -1.9686412821133883e-8 4.447110044554746e-8 -4.461411453928388e-9 -1.630305979540455e-8; -1.9963190323924056e-8 -8.603544377179946e-9 -4.461411453928388e-9 4.3412171861523415e-8 2.4873037060830702e-8; -1.4869965833242972e-8 1.4706485311217648e-9 -1.630305979540455e-8 2.4873037060830702e-8 1.892123175253213e-8]\n",
      "3.845340530060227e-8\n",
      "\n",
      "(0.5,0.1) -> (0.5,1.63)\n",
      "[0.13928410323579257, 0.9548889462484467, 0.029445285676417812, -0.05298225067528805, -0.041303187843019534]\n",
      "[1.2384442429463236e-8 -1.2363078080895091e-9 1.3357946023295786e-8 -1.9584954629965734e-8 -1.616604847284482e-8; -1.2363078080895091e-9 1.2997400169879036e-8 -2.1341243618741402e-8 -9.457732503366493e-9 1.886529673505815e-9; 1.3357946023295786e-8 -2.1341243618741402e-8 4.60769681725811e-8 -3.383574448905371e-9 -1.7963307507604606e-8; -1.9584954629965734e-8 -9.457732503366493e-9 -3.383574448905371e-9 4.186136654950193e-8 2.548939728735199e-8; -1.616604847284482e-8 1.886529673505815e-9 -1.7963307507604606e-8 2.548939728735199e-8 2.14657646837574e-8]\n",
      "3.798734999445402e-8\n",
      "\n",
      "(0.5,0.1) -> (0.5,1.64)\n",
      "[0.1390494980289552, 0.9584005055491637, 0.028933199610222927, -0.05009861079459585, -0.04305595088369084]\n",
      "[2.0844413337907142e-8 -2.450862027679951e-9 2.255408682149317e-8 -3.076505199171258e-8 -2.814469344812059e-8; -2.450862027679951e-9 2.4080594553361392e-8 -3.7472775016717616e-8 -1.7012509381786913e-8 3.791058084242329e-9; 2.255408682149317e-8 -3.7472775016717616e-8 7.633633828324437e-8 -3.0957188967527385e-9 -3.133629431120905e-8; -3.076505199171258e-8 -1.7012509381786913e-8 -3.0957188967527385e-9 6.459774755539473e-8 4.139728590776168e-8; -2.814469344812059e-8 3.791058084242329e-9 -3.133629431120905e-8 4.139728590776168e-8 3.86150873783433e-8]\n",
      "5.940323258728642e-8\n",
      "\n",
      "(0.5,0.1) -> (0.5,1.65)\n",
      "[0.13850053359715228, 0.9619466884470996, 0.028146463083495575, -0.04694640134787099, -0.04442857229917005]\n",
      "[3.63251448811741e-8 -4.9154489525268636e-9 3.8970538813401183e-8 -4.956607827180244e-8 -5.0249925158443405e-8; -4.9154489525268636e-9 4.671661800791894e-8 -6.818971306746613e-8 -3.197462923295053e-8 7.679553901600525e-9; 3.8970538813401183e-8 -6.818971306746613e-8 1.2946275360891044e-7 -3.3730918474167184e-10 -5.542861142946055e-8; -4.956607827180244e-8 -3.197462923295053e-8 -3.3730918474167184e-10 1.0239637985059267e-7 6.829849547310152e-8; -5.0249925158443405e-8 7.679553901600525e-9 -5.542861142946055e-8 6.829849547310152e-8 7.058188107477559e-8]\n",
      "9.405652320479503e-8\n",
      "\n",
      "(0.5,0.1) -> (0.5,1.66)\n"
     ]
    },
    {
     "name": "stdout",
     "output_type": "stream",
     "text": [
      "[0.1376701678945644, 0.9655394214076518, 0.027121158818393, -0.043653214807288426, -0.04543353346923782]\n",
      "[5.6847999986874854e-8 -8.697826893027821e-9 5.981745577339072e-8 -7.11347889409597e-8 -7.988880290202335e-8; -8.697826893027821e-9 8.221812566440984e-8 -1.1154527584814841e-7 -5.4336185299133736e-8 1.3663987672656364e-8; 5.981745577339072e-8 -1.1154527584814841e-7 1.9521964672340193e-7 7.681320340467142e-9 -8.639018534606995e-8; -7.11347889409597e-8 -5.4336185299133736e-8 7.681320340467142e-9 1.451494842080647e-7 9.952570462238428e-8; -7.988880290202335e-8 1.3663987672656364e-8 -8.639018534606995e-8 9.952570462238428e-8 1.1393941517813378e-7]\n",
      "1.307654781199562e-7\n",
      "\n",
      "(0.5,0.1) -> (0.5,1.67)\n",
      "[0.1366012606120901, 0.9691868597695574, 0.02591212325971306, -0.040339658043088776, -0.046109740057541954]\n",
      "[7.994213726938826e-8 -1.3640340238546705e-8 8.172798474544773e-8 -9.114020816446039e-8 -1.1331897014979597e-7; -1.3640340238546705e-8 1.3117376512333438e-7 -1.6416911255276515e-7 -8.336650115812515e-8 2.145436707719098e-8; 8.172798474544773e-8 -1.6416911255276515e-7 2.6245202109085174e-7 2.2097022257683625e-8 -1.1903817863617513e-7; -9.114020816446039e-8 -8.336650115812515e-8 2.2097022257683625e-8 1.848307643691066e-7 1.2855705118232747e-7; -1.1331897014979597e-7 2.145436707719098e-8 -1.1903817863617513e-7 1.2855705118232747e-7 1.629766323418526e-7]\n",
      "1.5970154892009617e-7\n",
      "\n",
      "(0.5,0.1) -> (0.5,1.68)\n",
      "[0.13534092333405093, 0.9728930404993416, 0.024581969945783624, -0.037105681338242526, -0.046511922081220756]\n",
